# UR/BR/LR 卡片 ID 清單（含 ボルテージゲイン、APゲイン、スコアアップ）
# 生成日期: 2025-12-23

# 乙宗梢
1021501,1021502,1021503,1021504,1021505,1021506,1021507,1021508,1021509,1021510,1021511,1021512,1021513,1021514,1021515,1021516,1021517,1021518,1021519,1021520,1021521,1021522,1021523,1021524,1021525,1021526,1021527,1021701,1021702,1021901

# 夕霧綴理
1022501,1022502,1022503,1022504,1022505,1022506,1022507,1022508,1022509,1022510,1022511,1022512,1022513,1022514,1022515,1022516,1022517,1022518,1022519,1022520,1022521,1022522,1022523,1022524,1022525,1022526,1022527,1022701,1022702,1022901

# 藤島慈
1023501,1023502,1023503,1023504,1023505,1023506,1023507,1023508,1023509,1023510,1023511,1023512,1023513,1023514,1023515,1023516,1023517,1023518,1023519,1023520,1023521,1023522,1023523,1023524,1023701,1023702,1023901

# 日野下花帆
1031501,1031502,1031503,1031504,1031505,1031506,1031507,1031508,1031509,1031510,1031511,1031512,1031513,1031514,1031515,1031516,1031517,1031518,1031519,1031520,1031521,1031522,1031523,1031524,1031525,1031526,1031527,1031528,1031529,1031530,1031531,1031532,1031533,1031534,1031535,1031901,1031902

# 村野さやか
1032501,1032502,1032503,1032504,1032505,1032506,1032507,1032508,1032509,1032510,1032511,1032512,1032513,1032514,1032515,1032516,1032517,1032518,1032519,1032520,1032521,1032522,1032523,1032524,1032525,1032526,1032527,1032528,1032529,1032530,1032531,1032532,1032901

# 大沢瑠璃乃
1033501,1033502,1033503,1033504,1033505,1033506,1033507,1033508,1033509,1033510,1033511,1033512,1033513,1033514,1033515,1033516,1033517,1033518,1033519,1033520,1033521,1033522,1033523,1033524,1033525,1033526,1033527,1033528,1033529,1033530,1033531,1033901,1033902

# 百生吟子
1041501,1041502,1041503,1041504,1041505,1041506,1041507,1041508,1041509,1041510,1041511,1041512,1041513,1041514,1041516,1041517,1041518,1041519,1041901,1041902

# 徒町小鈴
1042501,1042502,1042503,1042504,1042505,1042506,1042507,1042508,1042509,1042510,1042511,1042512,1042513,1042514,1042515,1042516,1042517,1042519,1042520,1042901

# 安養寺姬芽
1043501,1043502,1043503,1043504,1043505,1043506,1043507,1043508,1043509,1043510,1043511,1043512,1043513,1043514,1043516,1043517,1043518,1043521,1043901,1043902

# 桂城泉
1051501,1051502,1051503,1051504,1051505,1051506,1051507,1051509,1051901

# セラス
1052501,1052502,1052503,1052504,1052505,1052506,1052507,1052508,1052509,1052901
